local v0=game.CoreGui:FindFirstChild("CustomMenu");local v1=game.Players.LocalPlayer.PlayerGui:FindFirstChild("ToggleGui");if (v0 or v1) then if v0 then v0:Destroy();end if v1 then v1:Destroy();end wait(1.5);end local v2=Instance.new("ScreenGui");v2.Parent=game.CoreGui;v2.Name="CustomMenu";v2.ResetOnSpawn=false;local v7=game.Players.LocalPlayer;local v8=v7:WaitForChild("PlayerGui");local v9=Instance.new("ScreenGui");v9.Name="ToggleGui";v9.Parent=v8;local v12=Instance.new("ImageButton");v12.Name="ToggleButton";v12.Parent=v9;v12.AnchorPoint=Vector2.new(0.5,0.5);v12.Size=UDim2.new(0.035,0,0.07,0);v12.Position=UDim2.new(0.1,0,0.5,0);v12.Image="rbxassetid://128823460334294";v12.BackgroundTransparency=1;local v20=MainFrame;v12.Draggable=true;v12.Active=true;v12.MouseButton1Click:Connect(function() v20.Visible= not v20.Visible;end);local v23=Instance.new("Frame");v23.Parent=v2;v23.AnchorPoint=Vector2.new(0.5,0.5);v23.Size=UDim2.new(0.44,0,0.455,0);v23.Position=UDim2.new(0.5,0,0.45,0);v23.BackgroundColor3=Color3.fromRGB(45,45,45);v23.BorderSizePixel=0;v23.Visible=true;v23.Active=true;v23.Draggable=true;local v33=Instance.new("TextLabel");v33.Parent=v23;v33.AnchorPoint=Vector2.new(0.5,0.5);v33.Size=UDim2.new(0.5,0,0.18,0);v33.Position=UDim2.new(0.48,0,0.07,0);v33.Text="Main Menu";v33.BackgroundTransparency=1;v33.TextColor3=Color3.new(1,1,1);v33.Font=Enum.Font.SourceSansBold;v33.TextSize=25;local v44=Instance.new("TextButton");v44.Parent=v23;v44.AnchorPoint=Vector2.new(0.5,0.5);v44.Size=UDim2.new(0.3,0,0.14,0);v44.Position=UDim2.new(0.19,0,0.27,0);v44.Text="Moosewood";v44.BackgroundColor3=Color3.fromRGB(65,65,65);v44.TextColor3=Color3.new(1,1,1);v44.Font=Enum.Font.SourceSansBold;v44.TextSize=22;v44.Visible=false;local v55=Instance.new("TextButton");v55.Parent=v23;v55.AnchorPoint=Vector2.new(0.5,0.5);v55.Size=UDim2.new(0.3,0,0.14,0);v55.Position=UDim2.new(0.5,0,0.27,0);v55.Text="Roslit Bay";v55.BackgroundColor3=Color3.fromRGB(65,65,65);v55.TextColor3=Color3.new(1,1,1);v55.Font=Enum.Font.SourceSansBold;v55.TextSize=22;v55.Visible=false;local v66=Instance.new("TextButton");v66.Parent=v23;v66.AnchorPoint=Vector2.new(0.5,0.5);v66.Size=UDim2.new(0.3,0,0.14,0);v66.Position=UDim2.new(0.81,0,0.27,0);v66.Text="Terrapin Island";v66.BackgroundColor3=Color3.fromRGB(65,65,65);v66.TextColor3=Color3.new(1,1,1);v66.Font=Enum.Font.SourceSansBold;v66.TextSize=22;v66.Visible=false;local v77=Instance.new("TextButton");v77.Parent=v23;v77.AnchorPoint=Vector2.new(0.5,0.5);v77.Size=UDim2.new(0.3,0,0.14,0);v77.Position=UDim2.new(0.19,0,0.42,0);v77.Text="Sunstone Island";v77.BackgroundColor3=Color3.fromRGB(65,65,65);v77.TextColor3=Color3.new(1,1,1);v77.Font=Enum.Font.SourceSansBold;v77.TextSize=22;v77.Visible=false;local v88=Instance.new("TextButton");v88.Parent=v23;v88.AnchorPoint=Vector2.new(0.5,0.5);v88.Size=UDim2.new(0.3,0,0.14,0);v88.Position=UDim2.new(0.5,0,0.42,0);v88.Text="Snowcap Island";v88.BackgroundColor3=Color3.fromRGB(65,65,65);v88.TextColor3=Color3.new(1,1,1);v88.Font=Enum.Font.SourceSansBold;v88.TextSize=22;v88.Visible=false;local v99=Instance.new("TextButton");v99.Parent=v23;v99.AnchorPoint=Vector2.new(0.5,0.5);v99.Size=UDim2.new(0.3,0,0.14,0);v99.Position=UDim2.new(0.81,0,0.42,0);v99.Text="Forsaken Shores";v99.BackgroundColor3=Color3.fromRGB(65,65,65);v99.TextColor3=Color3.new(1,1,1);v99.Font=Enum.Font.SourceSansBold;v99.TextSize=20;v99.Visible=false;local v110=Instance.new("TextButton");v110.Parent=v23;v110.AnchorPoint=Vector2.new(0.5,0.5);v110.Size=UDim2.new(0.3,0,0.14,0);v110.Position=UDim2.new(0.19,0,0.57,0);v110.Text="Statue Of Sovereignty";v110.BackgroundColor3=Color3.fromRGB(65,65,65);v110.TextColor3=Color3.new(1,1,1);v110.Font=Enum.Font.SourceSansBold;v110.TextSize=20;v110.Visible=false;local v121=Instance.new("TextButton");v121.Parent=v23;v121.AnchorPoint=Vector2.new(0.5,0.5);v121.Size=UDim2.new(0.3,0,0.14,0);v121.Position=UDim2.new(0.5,0,0.57,0);v121.Text="Mushgrove Swamp";v121.BackgroundColor3=Color3.fromRGB(65,65,65);v121.TextColor3=Color3.new(1,1,1);v121.Font=Enum.Font.SourceSansBold;v121.TextSize=20;v121.Visible=false;local v132=Instance.new("TextButton");v132.Parent=v23;v132.AnchorPoint=Vector2.new(0.5,0.5);v132.Size=UDim2.new(0.3,0,0.14,0);v132.Position=UDim2.new(0.81,0,0.57,0);v132.Text="Ancient Island";v132.BackgroundColor3=Color3.fromRGB(65,65,65);v132.TextColor3=Color3.new(1,1,1);v132.Font=Enum.Font.SourceSansBold;v132.TextSize=22;v132.Visible=false;local v143=Instance.new("TextButton");v143.Parent=v23;v143.AnchorPoint=Vector2.new(0.5,0.5);v143.Size=UDim2.new(0.3,0,0.14,0);v143.Position=UDim2.new(0.19,0,0.72,0);v143.Text="Grand Reef";v143.BackgroundColor3=Color3.fromRGB(65,65,65);v143.TextColor3=Color3.new(1,1,1);v143.Font=Enum.Font.SourceSansBold;v143.TextSize=22;v143.Visible=false;local v154=Instance.new("TextLabel");v154.Parent=v23;v154.AnchorPoint=Vector2.new(0.5,0.5);v154.Size=UDim2.new(0.5,0,0.18,0);v154.Position=UDim2.new(0.48,0,0.07,0);v154.Text="Languages";v154.BackgroundTransparency=1;v154.TextColor3=Color3.new(1,1,1);v154.Font=Enum.Font.SourceSansBold;v154.TextSize=25;v154.Visible=false;local v165=Instance.new("TextLabel");v165.Parent=v23;v165.AnchorPoint=Vector2.new(0.5,0.5);v165.Size=UDim2.new(0.5,0,0.18,0);v165.Position=UDim2.new(0.48,0,0.07,0);v165.Text="Teleport Menu";v165.BackgroundTransparency=1;v165.TextColor3=Color3.new(1,1,1);v165.Font=Enum.Font.SourceSansBold;v165.TextSize=25;v165.Visible=false;local v176=Instance.new("TextButton");v176.Parent=v23;v176.AnchorPoint=Vector2.new(0.5,0.5);v176.Size=UDim2.new(0.4,0,0.17,0);v176.Position=UDim2.new(0.23,0,0.26,0);v176.Text="Teleports";v176.BackgroundColor3=Color3.fromRGB(65,65,65);v176.TextColor3=Color3.new(1,1,1);v176.Font=Enum.Font.SourceSansBold;v176.TextSize=24;local v186=Instance.new("TextButton");v186.Parent=v23;v186.AnchorPoint=Vector2.new(0.5,0.5);v186.Size=UDim2.new(0.4,0,0.17,0);v186.Position=UDim2.new(0.67,0,0.26,0);v186.Text="Infinite Yield";v186.BackgroundColor3=Color3.fromRGB(65,65,65);v186.TextColor3=Color3.new(1,1,1);v186.Font=Enum.Font.SourceSansBold;v186.TextSize=24;local v196=Instance.new("TextButton");v196.Name="RejoinButton";v196.Size=UDim2.new(0.4,0,0.17,0);v196.Position=UDim2.new(0.23,0,0.45,0);v196.AnchorPoint=Vector2.new(0.5,0.5);v196.Text="Rejoin";v196.TextSize=24;v196.Font=Enum.Font.SourceSansBold;v196.BackgroundColor3=Color3.fromRGB(65,65,65);v196.TextColor3=Color3.new(1,1,1);v196.Parent=v23;local v207=Instance.new("TextButton");v207.Name="FischScriptButton";v207.Size=UDim2.new(0.4,0,0.17,0);v207.Position=UDim2.new(0.23,0,0.637,0);v207.AnchorPoint=Vector2.new(0.5,0.5);v207.Text="Fisch Script";v207.TextSize=24;v207.Font=Enum.Font.SourceSansBold;v207.BackgroundColor3=Color3.fromRGB(65,65,65);v207.TextColor3=Color3.new(1,1,1);v207.Parent=v23;local v218=Instance.new("TextButton");v218.Name="Languages";v218.Size=UDim2.new(0.4,0,0.17,0);v218.Position=UDim2.new(0.67,0,0.45,0);v218.AnchorPoint=Vector2.new(0.5,0.5);v218.Text="Languages";v218.TextSize=24;v218.Font=Enum.Font.SourceSansBold;v218.BackgroundColor3=Color3.fromRGB(65,65,65);v218.TextColor3=Color3.new(1,1,1);v218.Parent=v23;local v229=Instance.new("TextButton");v229.Parent=v23;v229.AnchorPoint=Vector2.new(0.5,0.5);v229.Size=UDim2.new(0.39,0,0.16,0);v229.Position=UDim2.new(0.3,0,0.26,0);v229.Text="Español";v229.BackgroundColor3=Color3.fromRGB(65,65,65);v229.TextColor3=Color3.new(1,1,1);v229.Font=Enum.Font.SourceSansBold;v229.TextSize=24;v229.Visible=false;local v240=Instance.new("TextButton");v240.Parent=v23;v240.AnchorPoint=Vector2.new(0.5,0.5);v240.Size=UDim2.new(0.39,0,0.16,0);v240.Position=UDim2.new(0.7,0,0.26,0);v240.Text="English";v240.BackgroundColor3=Color3.fromRGB(65,65,65);v240.TextColor3=Color3.new(1,1,1);v240.Font=Enum.Font.SourceSansBold;v240.TextSize=24;v240.Visible=false;local v251=Instance.new("TextButton");v251.Parent=v23;v251.AnchorPoint=Vector2.new(0.5,0.5);v251.Size=UDim2.new(0.085,0,0.16,0);v251.Position=UDim2.new(0.05,0,0.1,0);v251.Text="<";v251.BackgroundColor3=Color3.fromRGB(255,85,85);v251.TextColor3=Color3.new(1,1,1);v251.Font=Enum.Font.SourceSansBold;v251.TextSize=20;v251.Visible=false;local v262=Instance.new("TextButton");v262.Parent=v23;v262.AnchorPoint=Vector2.new(0.5,0.5);v262.Size=UDim2.new(0.085,0,0.16,0);v262.Position=UDim2.new(0.95,0,0.1,0);v262.Text="X";v262.BackgroundColor3=Color3.fromRGB(255,85,85);v262.TextColor3=Color3.new(1,1,1);v262.Font=Enum.Font.SourceSansBold;v262.TextSize=24;v262.Visible=true;v186.MouseButton1Click:Connect(function() loadstring(game:HttpGet("https://raw.githubusercontent.com/EdgeIY/infiniteyield/master/source"))();end);v207.MouseButton1Click:Connect(function() loadstring(game:HttpGet("https://raw.githubusercontent.com/AhmadV99/Speed-Hub-X/main/Speed%20Hub%20X.lua",true))();end);v44.MouseButton1Click:Connect(function() local v276=game.Players.LocalPlayer.Character or game.Players.LocalPlayer.CharacterAdded:Wait() ;if (v276 and v276:FindFirstChild("HumanoidRootPart")) then v276.HumanoidRootPart.CFrame=CFrame.new(413.979584,156.230774,252.453918,0.0697566941, -0.0388158448,0.996808589, -8.9681205e-9,0.999242723,0.0389106311, -0.997564018, -0.00271428586,0.0697038695);end end);v55.MouseButton1Click:Connect(function() local v277=game.Players.LocalPlayer.Character or game.Players.LocalPlayer.CharacterAdded:Wait() ;if (v277 and v277:FindFirstChild("HumanoidRootPart")) then v277.HumanoidRootPart.CFrame=CFrame.new( -1488.16772,143.396515,700.565002, -0.233445272, -0.00135755993, -0.972369015,8.481591e-9,0.999999046, -0.00139613729,0.972369969, -0.000325929897, -0.233445048);end end);v66.MouseButton1Click:Connect(function() local v278=game.Players.LocalPlayer.Character or game.Players.LocalPlayer.CharacterAdded:Wait() ;if (v278 and v278:FindFirstChild("HumanoidRootPart")) then v278.HumanoidRootPart.CFrame=CFrame.new( -160.124069,153.790771,1934.64441, -0.342019409,0.00762652652,0.93966192, -9.375355e-9,0.999967039, -0.00811598077, -0.939692914, -0.00277583185, -0.342008144);end end);v77.MouseButton1Click:Connect(function() local v279=game.Players.LocalPlayer.Character or game.Players.LocalPlayer.CharacterAdded:Wait() ;if (v279 and v279:FindFirstChild("HumanoidRootPart")) then v279.HumanoidRootPart.CFrame=CFrame.new( -969.547791,230.19957, -989.564819,7.855321e-8,0.0417015329,0.99913013,8.942247e-9,0.99913013, -0.0417015329, -1,1.2210257e-8,7.811197e-8);end end);v88.MouseButton1Click:Connect(function() local v280=game.Players.LocalPlayer.Character or game.Players.LocalPlayer.CharacterAdded:Wait() ;if (v280 and v280:FindFirstChild("HumanoidRootPart")) then v280.HumanoidRootPart.CFrame=CFrame.new(2693.32886,161.036118,2397.7002,0.190809056,0.00796684623,0.981594861, -8.558614e-9,0.999967039, -0.00811595749, -0.981627166,0.00154858979,0.190802768);end end);v99.MouseButton1Click:Connect(function() local v281=game.Players.LocalPlayer.Character or game.Players.LocalPlayer.CharacterAdded:Wait() ;if (v281 and v281:FindFirstChild("HumanoidRootPart")) then v281.HumanoidRootPart.CFrame=CFrame.new( -2512.87427,142.476074,1560.20557,0.0174523816,0.0120403003, -0.999775171, -8.447939e-9,0.999927461,0.0120421341,0.99984771, -0.000210155486,0.0174511168);end end);v110.MouseButton1Click:Connect(function() local v282=game.Players.LocalPlayer.Character or game.Players.LocalPlayer.CharacterAdded:Wait() ;if (v282 and v282:FindFirstChild("HumanoidRootPart")) then v282.HumanoidRootPart.CFrame=CFrame.new(18.3087997,162.708267, -1044.14502, -0.930417418, -0.0202033017, -0.365944386, -1.076847e-8,0.998479486, -0.0551246926,0.366501659, -0.0512889698, -0.929002702);end end);v121.MouseButton1Click:Connect(function() local v283=game.Players.LocalPlayer.Character or game.Players.LocalPlayer.CharacterAdded:Wait() ;if (v283 and v283:FindFirstChild("HumanoidRootPart")) then v283.HumanoidRootPart.CFrame=CFrame.new(2514.98193,140.579193, -771.069275, -6.349674e-7,0.068537958,0.997648537,7.982349e-9,0.997648537, -0.068537958, -1, -3.555579e-8, -6.340214e-7);end end);v132.MouseButton1Click:Connect(function() local v284=game.Players.LocalPlayer.Character or game.Players.LocalPlayer.CharacterAdded:Wait() ;if (v284 and v284:FindFirstChild("HumanoidRootPart")) then v284.HumanoidRootPart.CFrame=CFrame.new(5681.07861,172.029297,634.086243,0.0697554797, -0.118979737,0.990443349,6.370053e-9,0.992861807,0.119270265, -0.997564137, -0.00831974763,0.0692575499);end end);v143.MouseButton1Click:Connect(function() local v285=game.Players.LocalPlayer.Character or game.Players.LocalPlayer.CharacterAdded:Wait() ;if (v285 and v285:FindFirstChild("HumanoidRootPart")) then v285.HumanoidRootPart.CFrame=CFrame.new( -3542.52026,156.955994,517.963074,0.182236582,0.0646506101, -0.981126964,1.1827211e-8,0.997835994,0.065751642,0.983254731, -0.0119823655,0.181842223);end end);local v273=(syn and syn.queue_on_teleport) or queue_on_teleport or (fluxus and fluxus.queue_on_teleport) ;local v274=[[


]];v196.MouseButton1Click:Connect(function() if v273 then v273(v274);end game.Players.LocalPlayer:Kick("\nRejoining...");game:GetService("TeleportService"):TeleportToPlaceInstance(game.PlaceId,game.JobId,game.Players.LocalPlayer);end);v176.MouseButton1Click:Connect(function() v251.Visible=true;v186.Visible=false;v196.Visible=false;v33.Visible=false;v176.Visible=false;v218.Visible=false;v165.Visible=true;v44.Visible=true;v55.Visible=true;v66.Visible=true;v207.Visible=false;v77.Visible=true;v88.Visible=true;v99.Visible=true;v110.Visible=true;v121.Visible=true;v132.Visible=true;v143.Visible=true;end);v251.MouseButton1Click:Connect(function() v251.Visible=false;v186.Visible=true;v196.Visible=true;v33.Visible=true;v176.Visible=true;v218.Visible=true;v154.Visible=false;v229.Visible=false;v240.Visible=false;v165.Visible=false;v44.Visible=false;v55.Visible=false;v66.Visible=false;v207.Visible=true;v77.Visible=false;v88.Visible=false;v99.Visible=false;v110.Visible=false;v121.Visible=false;v132.Visible=false;v143.Visible=false;end);v218.MouseButton1Click:Connect(function() v251.Visible=true;v186.Visible=false;v196.Visible=false;v33.Visible=false;v176.Visible=false;v218.Visible=false;v154.Visible=true;v229.Visible=true;v240.Visible=true;v207.Visible=false;end);v229.MouseButton1Click:Connect(function() v176.Text="Teletransportes";v218.Text="Idiomas";v154.Text="Idiomas";v33.Text="Menu Principal";v165.Text="Menu De Teletransportes";v55.Text="Bahia de Roslit";v66.Text="Isla Terrapin";v77.Text="Isla Sunstone";v88.Text="Isla Snowcap";v99.Text="Cotas Abandonadas";v110.Text="Estatua De La Soberania";v121.Text="Paramo De Setas";v132.Text="Isla Antigua";v143.Text="Gran Arrecife";end);v240.MouseButton1Click:Connect(function() v176.Text="Teleports";v218.Text="Languages";v154.Text="Languages";v33.Text="Main Menu";v165.Text="Teleports Menu";v55.Text="Roslit Bay";v66.Text="Terrapin Island";v77.Text="Sunstone Island";v88.Text="Snowcap Island";v99.Text="Foraken Shores";v110.Text="Statye Of Sovereignty";v121.Text="Mushgrove Swamp";v132.Text="Ancient Island";v143.Text="Grand Reef";end);v262.MouseButton1Click:Connect(function() v2:Destroy();v9:Destroy();end);game:GetService("UserInputService").InputBegan:Connect(function(v363) if (v363.KeyCode==Enum.KeyCode.LeftAlt) then v23.Visible= not v23.Visible;end end);wait(1);game.StarterGui:SetCore("SendNotification",{Title="Leelo completo.",Text="Gracias por usar mi script, Para poder minimizarlo presiona *Alt* y para maximizarlo presionalo de nuevo, Eso es todo Gracias.",Duration=10});
